354 15360 -0.09 -0.09
369 15360 -0.09 -0.09
363 15360 -0.09 -0.09
360 15360 -0.09 -0.09
349 15360 -0.09 -0.09
364 15360 -0.09 -0.09
359 15360 -0.09 -0.09
367 15360 -0.09 -0.09
368 15360 -0.09 -0.09
364 15360 -0.09 -0.09
361 15360 -0.09 -0.09
358 15360 -0.09 -0.09
359 15360 -0.09 -0.09
365 15360 -0.09 -0.09
367 15360 -0.09 -0.09
350 15360 -0.09 -0.09
360 15360 -0.09 -0.09
356 15360 -0.09 -0.09
351 15360 -0.09 -0.09
356 15360 -0.09 -0.09
363 15360 -0.09 -0.09
356 15360 -0.09 -0.09
356 15360 -0.09 -0.09
369 15360 -0.09 -0.09
355 15360 -0.09 -0.09
