1587 15360 -4.46963 -0.1
1117 15360 -5.039 -0.1
1767 15360 -3.47444 -0.1
361 15360 -11.8771 -0.1
1493 15360 -3.17801 -0.1
1663 15360 -0.266682 -0.1
1521 15360 -2.71765 -0.1
1365 15360 -0.1 -0.1
1514 15360 -0.313989 -0.1
1682 15360 -0.266682 -0.1
833 15360 -0.987985 -0.1
1559 15360 -1.89237 -0.1
1647 15360 -1.89237 -0.1
939 15360 -0.1 -0.1
736 15360 -9.68855 -0.1
1523 15360 -4.94431 -0.1
786 15360 -3.12885 -0.1
1197 15360 -0.1 -0.1
1128 15360 -0.987985 -0.1
705 15360 -0.1 -0.1
1248 15360 -0.1 -0.1
1252 15360 -10.8451 -0.1
1141 15360 -2.70384 -0.1
895 15360 -1.65322 -0.1
373 15360 -0.987985 -0.1
