	0	0.24	0.48	0.72	0.96	1.2	1.44	1.68	1.92	2.16	2.4	2.64	2.88	3.12	3.36	3.61	3.85	4.09	4.33	4.57	4.81	5.05	5.29	5.53	5.77	6.01	6.25	6.49	6.73	6.97	7.21	7.45	7.69	7.93	8.17	8.41	8.65	8.89	9.13	9.37	9.61	9.85	10.09	10.34	10.58	10.82	11.06	11.3	11.54	11.78
0.02	9.14	11.44	11.48	11.63	11.88	11.91	11.91	11.91	11.91	11.91	11.91	11.91	11.91	11.91	11.91	11.91	11.91	11.91	11.91	11.91	11.91	11.91	11.91	11.91	11.91	11.91	11.91	11.91	11.91	11.91	11.91	11.91	11.91	11.91	11.91	11.91	11.91	11.91	11.91	11.91	11.91	11.91	11.91	11.91	11.91	11.91	11.91	11.91	12	12.37
0.02	17.32	21.67	21.75	22.1	22.7	22.76	22.76	22.76	22.76	22.76	22.76	22.76	22.76	22.76	22.76	22.76	22.76	22.76	22.76	22.76	22.76	22.76	22.76	22.76	22.76	22.76	22.76	22.76	22.76	22.76	22.76	22.76	22.76	22.76	22.76	22.76	22.76	22.76	22.76	22.76	22.76	22.76	22.76	22.76	22.76	22.76	22.76	22.76	22.94	23.64
0.03	20.35	25.46	25.56	26.02	26.8	26.88	26.89	26.89	26.89	26.89	26.89	26.89	26.89	26.89	26.89	26.89	26.89	26.89	26.89	26.89	26.89	26.89	26.89	26.89	26.89	26.89	26.89	26.89	26.89	26.89	26.89	26.89	26.89	26.89	26.89	26.89	26.89	26.89	26.89	26.89	26.89	26.89	26.89	26.89	26.89	26.89	26.89	26.89	27.1	27.93
0.03	20.83	26.1	26.21	26.69	27.52	27.61	27.61	27.61	27.61	27.61	27.61	27.61	27.61	27.61	27.61	27.61	27.61	27.61	27.61	27.61	27.61	27.61	27.61	27.61	27.61	27.61	27.61	27.61	27.61	27.61	27.61	27.61	27.61	27.61	27.61	27.61	27.61	27.61	27.61	27.61	27.61	27.61	27.61	27.61	27.61	27.61	27.61	27.61	27.82	28.67
0.03	20.89	26.38	26.57	27.05	27.88	27.97	27.97	27.97	27.97	27.97	27.97	27.97	27.97	27.97	27.97	27.97	27.97	27.97	27.97	27.97	27.97	27.97	27.97	27.97	27.97	27.97	27.97	27.97	27.97	27.97	27.97	27.97	27.97	27.97	27.97	27.97	27.97	27.97	27.97	27.97	27.97	27.97	27.97	27.97	27.97	27.97	27.97	27.97	28.18	29.03
0.03	20.96	26.83	27.15	27.64	28.47	28.56	28.56	28.56	28.56	28.56	28.56	28.56	28.56	28.56	28.56	28.56	28.56	28.56	28.56	28.56	28.56	28.56	28.56	28.56	28.56	28.56	28.56	28.56	28.56	28.56	28.56	28.56	28.56	28.56	28.56	28.56	28.56	28.56	28.56	28.56	28.56	28.56	28.56	28.56	28.56	28.56	28.56	28.56	28.77	29.62
0.03	21.01	27.16	27.59	28.08	28.9	28.99	28.99	28.99	28.99	28.99	28.99	28.99	28.99	28.99	28.99	28.99	28.99	28.99	28.99	28.99	28.99	28.99	28.99	28.99	28.99	28.99	28.99	28.99	28.99	28.99	28.99	28.99	28.99	28.99	28.99	28.99	28.99	28.99	28.99	28.99	28.99	28.99	28.99	28.99	28.99	28.99	28.99	29	29.21	30.06
0.04	21.03	27.26	27.72	28.21	29.04	29.13	29.13	29.13	29.13	29.13	29.13	29.13	29.13	29.13	29.13	29.13	29.13	29.13	29.13	29.13	29.13	29.13	29.13	29.13	29.13	29.13	29.13	29.13	29.13	29.13	29.13	29.13	29.13	29.13	29.13	29.13	29.13	29.13	29.13	29.13	29.13	29.13	29.13	29.13	29.13	29.13	29.13	29.13	29.34	30.19
0.04	21.05	27.3	27.77	28.29	29.13	29.22	29.22	29.22	29.22	29.22	29.22	29.22	29.22	29.22	29.22	29.22	29.22	29.22	29.22	29.22	29.22	29.22	29.22	29.22	29.22	29.22	29.22	29.22	29.22	29.22	29.22	29.22	29.22	29.22	29.22	29.22	29.22	29.22	29.22	29.22	29.22	29.22	29.22	29.22	29.22	29.22	29.22	29.22	29.43	30.28
0.04	21.18	27.46	27.98	28.68	29.55	29.64	29.64	29.64	29.64	29.64	29.64	29.64	29.64	29.64	29.64	29.64	29.64	29.64	29.64	29.64	29.64	29.64	29.64	29.64	29.64	29.64	29.64	29.64	29.64	29.64	29.64	29.64	29.64	29.64	29.64	29.64	29.64	29.64	29.64	29.64	29.64	29.64	29.64	29.64	29.64	29.64	29.64	29.65	29.86	30.71
0.04	21.57	27.95	28.57	29.65	30.61	30.7	30.7	30.7	30.7	30.7	30.7	30.7	30.7	30.7	30.7	30.7	30.7	30.7	30.7	30.7	30.7	30.7	30.7	30.7	30.7	30.7	30.7	30.7	30.7	30.7	30.7	30.7	30.7	30.7	30.7	30.7	30.7	30.7	30.7	30.7	30.71	30.71	30.71	30.71	30.71	30.71	30.71	30.71	30.92	31.77
0.04	22.16	28.69	29.4	30.8	31.84	31.93	31.93	31.93	31.93	31.93	31.93	31.93	31.93	31.93	31.93	31.93	31.93	31.93	31.93	31.93	31.93	31.93	31.93	31.93	31.93	31.93	31.93	31.93	31.93	31.93	31.93	31.93	31.93	31.93	31.93	31.93	31.93	31.93	31.93	31.95	32	32.01	32.01	32.01	32.01	32.01	32.01	32.01	32.23	33.07
0.05	22.72	29.39	30.13	31.64	32.71	32.8	32.8	32.8	32.8	32.8	32.8	32.8	32.81	32.81	32.82	32.82	32.82	32.82	32.82	32.82	32.82	32.82	32.82	32.82	32.82	32.82	32.82	32.82	32.82	32.82	32.82	32.82	32.82	32.82	32.82	32.82	32.82	32.82	32.82	32.9	33.16	33.21	33.21	33.21	33.21	33.21	33.21	33.22	33.43	34.28
0.05	23.07	29.85	30.6	32.13	33.2	33.29	33.29	33.29	33.29	33.29	33.29	33.29	33.35	33.42	33.42	33.42	33.42	33.42	33.42	33.42	33.42	33.42	33.42	33.42	33.42	33.42	33.42	33.42	33.42	33.42	33.42	33.42	33.42	33.42	33.42	33.42	33.42	33.42	33.43	33.65	34.29	34.41	34.41	34.41	34.41	34.41	34.41	34.41	34.63	35.48
0.05	23.43	30.43	31.2	32.74	33.84	33.93	33.93	33.93	33.93	33.93	33.93	33.94	34.17	34.47	34.49	34.49	34.49	34.49	34.49	34.49	34.49	34.49	34.49	34.49	34.49	34.49	34.49	34.49	34.49	34.49	34.49	34.49	34.49	34.49	34.49	34.49	34.49	34.49	34.5	34.81	35.74	35.91	35.91	35.91	35.91	35.91	35.91	35.92	36.13	36.98
0.05	24.1	31.72	32.56	34.18	35.42	35.53	35.53	35.53	35.53	35.53	35.53	35.55	36.01	36.63	36.68	36.68	36.68	36.68	36.68	36.68	36.68	36.68	36.68	36.68	36.68	36.68	36.68	36.68	36.68	36.68	36.68	36.68	36.68	36.68	36.68	36.68	36.68	36.68	36.69	37.03	38.04	38.23	38.23	38.23	38.23	38.23	38.23	38.23	38.45	39.29
0.05	24.78	33.16	34.1	35.93	37.58	37.76	37.77	37.79	37.79	37.79	37.79	37.81	38.41	39.2	39.27	39.27	39.27	39.27	39.27	39.27	39.27	39.27	39.27	39.27	39.27	39.27	39.27	39.27	39.27	39.27	39.27	39.27	39.27	39.27	39.27	39.27	39.27	39.27	39.27	39.62	40.64	40.83	40.83	40.83	40.83	40.83	40.83	40.84	41.05	41.9
0.06	25.08	33.86	34.87	36.96	39.22	39.52	39.63	39.73	39.73	39.73	39.73	39.76	40.39	41.22	41.29	41.29	41.29	41.29	41.29	41.29	41.29	41.29	41.29	41.29	41.29	41.29	41.29	41.29	41.29	41.29	41.29	41.29	41.29	41.29	41.29	41.29	41.29	41.29	41.3	41.64	42.66	42.85	42.86	42.86	42.86	42.86	42.86	42.86	43.07	43.92
0.06	25.19	34.08	35.1	37.36	40.13	40.54	40.91	41.24	41.26	41.26	41.26	41.29	41.92	42.75	42.82	42.82	42.82	42.82	42.82	42.82	42.82	42.82	42.82	42.82	42.82	42.82	42.82	42.82	42.82	42.82	42.82	42.82	42.82	42.82	42.82	42.82	42.82	42.82	42.83	43.17	44.2	44.39	44.39	44.39	44.39	44.39	44.39	44.39	44.61	45.46
0.06	25.43	34.39	35.41	37.72	40.7	41.19	41.86	42.46	42.49	42.49	42.49	42.52	43.15	43.99	44.06	44.06	44.06	44.06	44.06	44.06	44.06	44.06	44.06	44.06	44.06	44.06	44.06	44.06	44.06	44.06	44.06	44.06	44.06	44.06	44.06	44.06	44.06	44.06	44.06	44.41	45.43	45.62	45.62	45.62	45.62	45.62	45.62	45.63	45.84	46.69
0.06	25.83	34.88	35.91	38.23	41.25	41.76	42.68	43.53	43.57	43.58	43.58	43.61	44.23	45.07	45.14	45.14	45.14	45.14	45.14	45.14	45.14	45.14	45.14	45.14	45.14	45.14	45.14	45.14	45.14	45.14	45.14	45.14	45.14	45.14	45.14	45.14	45.14	45.14	45.15	45.49	46.51	46.7	46.71	46.71	46.71	46.71	46.71	46.71	46.92	47.77
0.06	26.14	35.29	36.32	38.65	41.67	42.2	43.4	44.54	44.61	44.61	44.61	44.64	45.27	46.1	46.17	46.17	46.17	46.17	46.17	46.17	46.17	46.17	46.17	46.17	46.17	46.17	46.17	46.17	46.17	46.17	46.17	46.17	46.17	46.17	46.17	46.17	46.17	46.17	46.18	46.52	47.55	47.74	47.74	47.74	47.74	47.74	47.74	47.74	47.96	48.8
0.06	26.47	35.87	36.94	39.27	42.29	42.83	44.25	45.62	45.7	45.7	45.7	45.73	46.36	47.19	47.26	47.26	47.26	47.26	47.26	47.26	47.26	47.26	47.26	47.26	47.26	47.26	47.26	47.26	47.26	47.26	47.26	47.26	47.26	47.26	47.26	47.26	47.26	47.26	47.27	47.61	48.64	48.83	48.83	48.83	48.83	48.83	48.83	48.83	49.05	49.9
0.07	27.16	37.4	38.65	40.98	44	44.55	46.03	47.47	47.56	47.56	47.56	47.59	48.22	49.06	49.13	49.13	49.13	49.13	49.13	49.13	49.13	49.13	49.13	49.13	49.13	49.13	49.13	49.13	49.13	49.13	49.13	49.13	49.13	49.13	49.13	49.13	49.13	49.13	49.14	49.49	50.51	50.7	50.7	50.7	50.7	50.7	50.7	50.71	50.92	51.77
0.07	28.14	39.81	41.36	43.7	46.75	47.3	48.79	50.24	50.33	50.33	50.33	50.37	51	51.84	51.91	51.91	51.91	51.91	51.91	51.91	51.94	51.99	51.99	51.99	51.99	51.99	51.99	51.99	51.99	51.99	51.99	51.99	51.99	51.99	51.99	51.99	51.99	51.99	52	52.34	53.36	53.55	53.56	53.56	53.56	53.56	53.56	53.56	53.77	54.62
0.07	29.19	42.12	43.95	46.37	49.53	50.1	51.59	53.04	53.13	53.13	53.16	53.27	53.91	54.74	54.81	54.81	54.81	54.81	54.81	54.82	55	55.21	55.22	55.22	55.22	55.22	55.22	55.22	55.22	55.22	55.22	55.22	55.22	55.22	55.22	55.22	55.22	55.22	55.23	55.58	56.6	56.79	56.79	56.79	56.79	56.79	56.79	56.8	57.01	57.86
0.07	30.09	43.71	45.68	48.28	51.75	52.35	53.85	55.3	55.39	55.39	55.52	55.88	56.56	57.39	57.46	57.46	57.46	57.46	57.46	57.49	57.93	58.43	58.47	58.47	58.47	58.47	58.47	58.47	58.47	58.47	58.47	58.47	58.47	58.47	58.47	58.47	58.47	58.47	58.48	58.82	59.84	60.03	60.04	60.04	60.04	60.04	60.04	60.04	60.25	61.1
0.07	30.67	44.61	46.64	49.43	53.21	53.84	55.34	56.79	56.88	56.89	57.17	57.91	58.65	59.48	59.55	59.55	59.55	59.55	59.55	59.59	60.21	60.93	60.98	60.98	60.98	60.98	60.98	60.98	60.98	60.98	60.98	60.98	60.98	60.98	60.98	60.98	60.98	60.98	60.99	61.33	62.35	62.54	62.55	62.55	62.55	62.55	62.55	62.55	62.76	63.61
0.08	31.27	45.6	47.74	50.65	54.56	55.21	56.7	58.15	58.24	58.25	58.62	59.59	60.37	61.2	61.27	61.27	61.27	61.27	61.27	61.31	61.99	62.77	62.82	62.82	62.82	62.82	62.82	62.82	62.82	62.82	62.82	62.82	62.82	62.82	62.82	62.82	62.82	62.82	62.83	63.17	64.2	64.39	64.39	64.39	64.4	64.41	64.41	64.41	64.63	65.48
0.08	32.09	47	49.47	52.5	56.44	57.09	58.58	60.03	60.12	60.13	60.53	61.55	62.34	63.17	63.24	63.24	63.24	63.24	63.24	63.28	63.97	64.75	64.81	64.81	64.81	64.81	64.81	64.81	64.81	64.81	64.81	64.81	64.81	64.81	64.81	64.81	64.81	64.81	64.81	65.16	66.18	66.37	66.37	66.38	66.43	66.54	66.55	66.55	66.76	67.61
0.08	32.95	48.47	51.34	54.53	58.48	59.13	60.62	62.07	62.16	62.17	62.57	63.6	64.39	65.22	65.29	65.29	65.29	65.29	65.29	65.33	66.01	66.8	66.85	66.85	66.85	66.85	66.85	66.85	66.85	66.85	66.85	66.85	66.85	66.85	66.85	66.85	66.85	66.85	66.86	67.2	68.23	68.42	68.42	68.43	68.64	69.02	69.06	69.07	69.28	70.13
0.08	33.61	49.6	52.69	55.97	59.91	60.56	62.05	63.5	63.59	63.6	64	65.03	65.82	66.65	66.72	66.72	66.72	66.72	66.72	66.76	67.45	68.23	68.29	68.29	68.29	68.29	68.29	68.29	68.29	68.29	68.29	68.29	68.29	68.29	68.29	68.29	68.29	68.29	68.29	68.64	69.66	69.85	69.85	69.87	70.27	70.99	71.07	71.08	71.29	72.14
0.08	33.9	50.08	53.23	56.52	60.47	61.11	62.61	64.06	64.15	64.16	64.56	65.59	66.37	67.21	67.28	67.28	67.28	67.28	67.28	67.32	68	68.79	68.84	68.84	68.84	68.84	68.84	68.84	68.84	68.84	68.84	68.84	68.84	68.84	68.84	68.84	68.84	68.84	68.85	69.19	70.22	70.41	70.41	70.43	70.93	71.81	71.91	71.92	72.13	72.98
0.09	34.08	50.33	53.48	56.77	60.72	61.36	62.86	64.31	64.4	64.41	64.81	65.84	66.62	67.46	67.53	67.53	67.53	67.53	67.53	67.57	68.25	69.04	69.09	69.09	69.09	69.09	69.09	69.09	69.09	69.09	69.09	69.09	69.09	69.09	69.09	69.09	69.09	69.09	69.1	69.44	70.47	70.66	70.66	70.68	71.2	72.12	72.22	72.22	72.44	73.28
0.09	34.42	50.76	53.91	57.2	61.15	61.8	63.29	64.74	64.83	64.84	65.24	66.27	67.06	67.89	67.96	67.96	67.96	67.96	67.96	68	68.68	69.47	69.53	69.53	69.53	69.53	69.53	69.53	69.53	69.53	69.53	69.53	69.53	69.53	69.53	69.53	69.53	69.53	69.53	69.88	70.9	71.09	71.09	71.11	71.63	72.55	72.66	72.66	72.87	73.72
0.09	34.79	51.22	54.37	57.66	61.61	62.26	63.75	65.2	65.29	65.3	65.7	66.73	67.52	68.35	68.42	68.42	68.42	68.42	68.42	68.46	69.14	69.93	69.99	69.99	69.99	69.99	69.99	69.99	69.99	69.99	69.99	69.99	69.99	69.99	69.99	69.99	69.99	69.99	69.99	70.34	71.36	71.55	71.55	71.57	72.09	73.01	73.12	73.12	73.33	74.18
0.09	34.96	51.44	54.6	57.89	61.84	62.48	63.98	65.43	65.52	65.53	65.93	66.96	67.75	68.59	68.66	68.66	68.66	68.66	68.66	68.7	69.38	70.17	70.23	70.23	70.23	70.23	70.23	70.23	70.23	70.23	70.23	70.23	70.23	70.23	70.23	70.23	70.23	70.23	70.23	70.58	71.6	71.79	71.79	71.81	72.33	73.26	73.36	73.36	73.57	74.42
0.09	35.07	51.69	54.86	58.15	62.1	62.74	64.24	65.69	65.78	65.79	66.19	67.23	68.05	68.97	69.05	69.05	69.05	69.05	69.05	69.09	69.78	70.57	70.62	70.62	70.62	70.62	70.62	70.62	70.62	70.62	70.62	70.62	70.62	70.62	70.62	70.62	70.62	70.62	70.63	70.97	72	72.19	72.19	72.21	72.73	73.65	73.75	73.76	73.97	74.82
0.1	35.33	52.42	55.66	58.95	62.9	63.55	65.04	66.49	66.59	66.6	67.02	68.15	69.09	70.26	70.38	70.38	70.38	70.38	70.38	70.43	71.19	72	72.06	72.06	72.06	72.06	72.06	72.06	72.06	72.06	72.06	72.06	72.06	72.06	72.06	72.06	72.06	72.06	72.06	72.41	73.43	73.62	73.62	73.64	74.16	75.09	75.19	75.19	75.41	76.25
0.1	35.76	53.9	57.35	60.65	64.59	65.24	66.74	68.23	68.35	68.36	68.88	70.28	71.44	72.98	73.15	73.16	73.16	73.16	73.16	73.25	74.27	75.18	75.24	75.24	75.24	75.24	75.24	75.24	75.24	75.24	75.24	75.24	75.24	75.24	75.24	75.24	75.24	75.24	75.25	75.59	76.61	76.8	76.81	76.83	77.35	78.27	78.37	78.38	78.59	79.44
0.1	36.19	55.87	59.72	63.02	66.97	67.61	69.12	70.77	71.03	71.06	71.71	73.5	74.82	76.59	76.79	76.79	76.79	76.8	76.86	77.03	78.43	79.49	79.55	79.55	79.55	79.55	79.55	79.55	79.55	79.55	79.55	79.55	79.55	79.55	79.55	79.55	79.55	79.55	79.56	79.9	80.92	81.11	81.12	81.14	81.66	82.58	82.68	82.68	82.9	83.75
0.1	36.47	57.37	61.56	64.88	68.82	69.47	71	72.94	73.47	73.51	74.23	76.24	77.63	79.45	79.66	79.66	79.66	79.7	79.97	80.27	81.9	83.05	83.11	83.11	83.11	83.11	83.11	83.11	83.11	83.11	83.11	83.11	83.11	83.11	83.11	83.11	83.11	83.11	83.12	83.47	84.49	84.68	84.68	84.7	85.22	86.14	86.25	86.25	86.46	87.31
0.1	36.59	57.95	62.29	65.61	69.55	70.2	71.75	73.94	74.69	74.75	75.49	77.55	78.94	80.77	80.98	80.98	80.99	81.08	81.72	82.19	83.88	85.05	85.12	85.12	85.12	85.12	85.12	85.12	85.12	85.12	85.12	85.12	85.12	85.12	85.12	85.12	85.12	85.12	85.12	85.47	86.49	86.68	86.68	86.7	87.22	88.14	88.25	88.25	88.46	89.31
0.1	36.76	58.4	62.78	66.09	70.04	70.69	72.25	74.67	75.62	75.68	76.42	78.49	79.89	81.71	81.93	81.93	81.93	82.07	82.98	83.55	85.25	86.42	86.49	86.49	86.49	86.49	86.49	86.49	86.49	86.49	86.49	86.49	86.49	86.49	86.49	86.49	86.49	86.49	86.5	86.84	87.86	88.05	88.06	88.07	88.6	89.52	89.62	89.62	89.84	90.69
0.11	37.36	59.71	64.16	67.48	71.42	72.07	73.65	76.37	77.59	77.67	78.41	80.47	81.87	83.7	83.91	83.91	83.92	84.07	85.05	85.66	87.36	88.53	88.6	88.6	88.6	88.6	88.6	88.6	88.6	88.6	88.6	88.6	88.6	88.6	88.6	88.6	88.6	88.6	88.6	88.95	89.97	90.16	90.16	90.18	90.7	91.63	91.73	91.73	91.94	92.79
0.11	38.36	61.78	66.33	69.65	73.59	74.24	75.84	78.77	80.18	80.27	81.02	83.08	84.48	86.3	86.52	86.52	86.53	86.68	87.67	88.28	89.98	91.15	91.22	91.22	91.22	91.22	91.22	91.22	91.22	91.22	91.22	91.22	91.22	91.22	91.22	91.22	91.22	91.22	91.23	91.57	92.59	92.79	92.79	92.81	93.33	94.25	94.35	94.36	94.57	95.42
0.11	39.08	63.19	67.8	71.12	75.07	75.71	77.32	80.32	81.79	81.89	82.63	84.69	86.09	87.93	88.18	88.2	88.2	88.35	89.35	89.96	91.66	92.83	92.89	92.89	92.89	92.89	92.89	92.89	92.89	92.89	92.89	92.89	92.89	92.89	92.89	92.89	92.89	92.89	92.9	93.25	94.27	94.46	94.46	94.48	95	95.92	96.03	96.03	96.24	97.09
0.11	39.29	63.61	68.24	71.55	75.5	76.15	77.75	80.8	82.33	82.43	83.17	85.24	86.64	88.51	88.96	89.03	89.04	89.19	90.18	90.79	92.49	93.66	93.73	93.73	93.73	93.73	93.73	93.73	93.73	93.73	93.73	93.73	93.73	93.73	93.73	93.73	93.73	93.73	93.74	94.08	95.1	95.3	95.3	95.32	95.84	96.76	96.86	96.87	97.08	97.93
0.11	39.32	63.66	68.29	71.61	75.55	76.2	77.81	81.01	82.75	82.86	83.61	85.67	87.07	89.03	89.87	90.04	90.05	90.2	91.19	91.8	93.5	94.68	94.74	94.74	94.74	94.74	94.74	94.74	94.74	94.74	94.74	94.74	94.74	94.74	94.74	94.74	94.74	94.74	94.75	95.09	96.12	96.31	96.31	96.33	96.85	97.77	97.87	97.88	98.09	98.94
0.12	39.32	63.66	68.29	71.61	75.55	76.2	77.83	81.27	83.32	83.46	84.2	86.27	87.67	89.7	90.84	91.1	91.11	91.26	92.25	92.87	94.57	95.74	95.8	95.8	95.8	95.8	95.8	95.8	95.8	95.8	95.8	95.8	95.8	95.8	95.8	95.8	95.8	95.8	95.81	96.15	97.18	97.37	97.37	97.39	97.91	98.83	98.93	98.94	99.15	100
